48900	
38660	
19100	
15540	
21660	
38300	
40980	
44300	
21780	
44420	
19340	
19460	
29700	
34060	
25900	
25220	
29820	
30140	
34740	
34980	
11500	
30940	
40060	
30700	
14460	
45500	
41140	
20100	
39740	
45860	
43320	
41700	
18140	
22520	
41940	
39060	
35380	
24140	
24020	
31340	
31460	
31100	
28740	
10780	
49300	
10420	
49420	
10540	
45060	
49660	
31900	
46700	
17020	
42340	
13460	
42220	
42100	
36100	
27500	
36220	
17140	
27740	
27620	
32420	
27980	
32780	
27860	
26090	
17820	
27180	
43300	
47900	
12260	
12020	
16620	
43780	
16740	
16860	
16980	
22500	
22180	
33860	
33740	
26420	
47220	
12700	
47580	
12940	
42200	
21500	
40140	
42680	
11260	
19660	
38860	
15980	
19300	
11020	
40700	
19780	
38060	
15180	
29100	
34820	
29340	
34940	
30460	
25420	
25540	
30340	
48300	
15500	
48540	
48660	
21060	
29460	
40380	
44180	
11700	
44060	
45820	
45940	
10180	
14540	
35100	
18580	
28700	
39380	
39140	
31300	
31420	
24580	
28020	
49180	
24340	
28940	
31540	
49620	
39820	
10740	
28140	
10500	
17460	
36780	
36540	
42660	
13780	
42540	
27140	
23580	
23460	
36300	
46220	
46340	
27260	
17900	
43620	
37980	
12220	
12580	
37860	
47300	
26620	
33260	
31080	
33700	
22380	
22140	
22020	
26980	
12100	
16700	
16820	
17200	
19500	
40340	
44940	
40580	
44700	
19740	
11460	
40220	
48620	
25620	
25500	
34580	
15380	
40900	
19060	
21700	
29420	
48060	
29540	
25860	
30780	
34100	
11100	
38940	
44140	
15940	
25060	
25180	
34900	
20500	
39340	
41660	
39460	
20740	
10380	
14860	
49700	
41420	
41540	
24300	
35660	
45900	
31180	
39580	
28100	
24780	
24540	
35300	
24660	
14500	
45460	
14740	
39900	
45220	
49020	
17420	
17300	
13980	
17780	
17660	
36980	
36860	
23540	
23420	
27900	
27340	
32940	
32820	
27460	
27100	
36740	
42060	
46660	
46540	
36500	
13740	
22900	
16580	
41400	
18880	
22220	
33460	
33340	
26820	
26140	
33100	
12540	
12300	
12420	
26380	
38340	
19820	
38220	
44100	
48700	
40420	
44220	
11780	
14010	
21340	
46520	
19140	
19260	
25940	
19380	
25260	
30860	
30980	
30620	
29620	
29740	
11540	
29180	
38900	
48260	
48140	
14140	
20940	
39540	
14260	
39660	
39300	
41620	
41740	
41860	
10580	
20020	
41980	
45300	
35980	
24860	
31140	
41500	
-9	
18180	
20700	
28660	
10900	
35620	
28420	
20260	
20380	
45780	
31700	
49340	
41060	
41180	
17860	
13140	
13380	
42020	
13020	
17980	
32580	
36260	
27780	
46180	
42260	
11640	
42140	
32900	
CBSA2010	
13820	
12060	
37460	
37340	
43340	
47940	
16300	
37100	
43100	
16540	
22660	
33780	
22420	
26900	
43900	
26580	
35840	
33660	
12620	
12980	
43580	
37900	
47380	
47260	
